Word,Start_Time(sec),End_Time(sec),Duration(sec)
when,0.580,0.780,0.200
the,0.780,0.850,0.070
sunlight,0.850,1.420,0.570
strikes,1.420,1.980,0.560
raindrops,1.980,2.670,0.690
in,2.670,2.770,0.100
the,2.770,2.870,0.100
air,2.870,3.140,0.270
they,3.650,3.780,0.130
act,3.780,4.070,0.290
as,4.070,4.170,0.100
a,4.170,4.220,0.050
prism,4.220,4.710,0.490
and,4.780,4.880,0.100
form,4.880,5.200,0.320
a,5.200,5.240,0.040
rainbow,5.240,5.750,0.510
