Word,Start_Time(sec),End_Time(sec),Duration(sec)
when,0.570,0.790,0.220
the,0.790,0.850,0.060
sunlight,0.850,1.420,0.570
strikes,1.420,1.970,0.550
raindrops,1.970,2.680,0.710
in,2.680,2.750,0.070
the,2.750,2.960,0.210
air,2.960,3.170,0.210
they,3.630,3.770,0.140
act,3.770,4.070,0.300
as,4.070,4.170,0.100
a,4.170,4.210,0.040
prism,4.210,4.740,0.530
and,4.770,4.870,0.100
form,4.870,5.200,0.330
a,5.200,5.240,0.040
rainbow,5.240,5.740,0.500
